Epochs: 2
Layers: 2
Neuron Counts: [10, 10]
Successes: 5436  Out of total: 6300
For a success rate of: 0.8628571428571429
Epochs: 2
Layers: 2
Neuron Counts: [10, 10]
Successes: 5452  Out of total: 6299
For a success rate of: 0.8655342117796475
